30156308.0
30202938.0
30153963.0
30349574.0
30211560.0
30209509.0
30342192.0
30341428.0
30165529.0
30202362.0
30271717.0
30329143.0
30153510.0
30211222.0
30152417.0
30406347.0
30162161.0
30198267.0
30336279.0
30268369.0
30357129.0
30197978.0
30394817.0
30329913.0
30213691.0
30234602.0
30394116.0
30198682.0
30198586.0
30197494.0
30223403.0
30165992.0
30209745.0
30148135.0
30205658.0
30217607.0
30221607.0
30202869.0
30205376.0
30202773.0
30214872.0
30403368.0
30268176.0
30161656.0
30280961.0
30332693.0
30218233.0
30397926.0
30284855.0
30205825.0
30201369.0
30218009.0
30407192.0
30267018.0
30218442.0
30149080.0
30282890.0
30330352.0
30344725.0
30271120.0
30341432.0
30205312.0
30160005.0
30225445.0
30198676.0
30406361.0
30235883.0
30357143.0
30199280.0
30267349.0
30329989.0
30166502.0
30164472.0
30199269.0
30198577.0
30198507.0
30197899.0
30197989.0
30226969.0
30299911.0
30406343.0
30209675.0
30157111.0
30153920.0
30341127.0
30297329.0
30338548.0
30272155.0
30148806.0
30295541.0
30349625.0
30161856.0
30349114.0
30199179.0
30275329.0
30213626.0
30346730.0
30289108.0
30333168.0
30217988.0
30235913.0
30201846.0
30149089.0
30211048.0
30164616.0
30196997.0
30203386.0
30332631.0
30393883.0
30271289.0
30210087.0
30199168.0
30272192.0
30197770.0
30203192.0
30202645.0
30164464.0
30206203.0
30201860.0
30202778.0
30403366.0
30196870.0
30155824.0
30299962.0
30267637.0
30153509.0
30268729.0
30201560.0
30332186.0
30341940.0
30402346.0
30354197.0
30197204.0
30328272.0
30340816.0
30217269.0
30402024.0
30166496.0
30299398.0
30211350.0
30164695.0
30198807.0
30164673.0
30197559.0
30283915.0
30217504.0
30235584.0
30407177.0
30160683.0
30197144.0
30401985.0
30268656.0
30154020.0
30328008.0
30299929.0
30197271.0
30403335.0
30271174.0
30292678.0
30393641.0
30272666.0
30165751.0
30227334.0
30406438.0
30329591.0
30402969.0
30199065.0
30198485.0
30198761.0
30203120.0
30206229.0
30205973.0
30227447.0
30394336.0
30230920.0
30205061.0
30162074.0
30201745.0
30202053.0
30234009.0
30210032.0
30333141.0
30164261.0
30287258.0
30280080.0
30198826.0
30271448.0
30332960.0
30202105.0
30356624.0
30164209.0
30407721.0
30148496.0
30164630.0
30196886.0
30158293.0
30206167.0
30402201.0
30350564.0
30201881.0
30214705.0
30209814.0
30226059.0
30393881.0
30160001.0
30201547.0
30148347.0
30161289.0
30197813.0
30197482.0
30156496.0
30205190.0
30299270.0
30337944.0
30218244.0
30160378.0
30223382.0
30349338.0
30147722.0
30295605.0
30342177.0
30270857.0
30342017.0
30209521.0
30398176.0
30341656.0
30344971.0
30350826.0
30205832.0
30353798.0
30354128.0
30329318.0
30199048.0
30165449.0
30398148.0
30229786.0
30219153.0
30158107.0
30165489.0
30406632.0
30164377.0
30292440.0
30341590.0
30206744.0
30199273.0
30223158.0
30211558.0
30333845.0
30201046.0
30148629.0
30295600.0
30155929.0
30394378.0
30272487.0
30230763.0
30231860.0
30214640.0
30198808.0
30217604.0
30341688.0
30203270.0
30330089.0
30272132.0
30201386.0
30197225.0
30201113.0
30201589.0
30152592.0
30300422.0
30354180.0
30223867.0
30299349.0
30402535.0
30201478.0
30198298.0
30300452.0
30202361.0
30328875.0
30222741.0
30272745.0
30222854.0
30278678.0
30198657.0
30164235.0
30198007.0
30398934.0
30403047.0
30198408.0
30301062.0
30288168.0
30201735.0
30292464.0
30295947.0
30206401.0
30405904.0
30157776.0
30345783.0
30161189.0
30202517.0
30160375.0
30268215.0
30230331.0
30279818.0
30346534.0
30291184.0
30353610.0
30288390.0
30205384.0
30405913.0
30280090.0
30338528.0
30353979.0
30280641.0
30293493.0
30266629.0
30336052.0
30350038.0
30284310.0
30201336.0
30223670.0
30354198.0
30203366.0
30218904.0
30199259.0
30206512.0
30148084.0
30356969.0
30267449.0
30356715.0
30267337.0
30336720.0
30295488.0
30148743.0
30394008.0
30344422.0
30272233.0
30200854.0
30207014.0
30267173.0
30301129.0
30394631.0
30271445.0
30272234.0
30332676.0
30153956.0
30202870.0
30295830.0
30205242.0
30300649.0
30397849.0
30334169.0
30291961.0
30211296.0
30393574.0
30148822.0
30161540.0
30332305.0
30350235.0
30209681.0
30230775.0
30205728.0
30165984.0
30164100.0
30234084.0
30198820.0
30354376.0
30227497.0
30201912.0
30209173.0
30158105.0
30332472.0
30268901.0
30356697.0
30165222.0
30357257.0
30198074.0
30210704.0
30341617.0
30398153.0
30299670.0
30333217.0
30295288.0
30292369.0
30161088.0
30197265.0
30235451.0
30344937.0
30282789.0
30205888.0
30407380.0
30272500.0
30332976.0
30288101.0
30162145.0
30267707.0
30341512.0
30197397.0
30346185.0
30229766.0
30148907.0
30344408.0
30218709.0
30161350.0
30213686.0
30403578.0
30266897.0
30197000.0
30165703.0
30300202.0
30272768.0
30223319.0
30166521.0
30329993.0
30401748.0
30267268.0
30407624.0
30330056.0
30235865.0
30280155.0
30157862.0
30399766.0
30354186.0
30336971.0
30332041.0
30202260.0
30280697.0
30198841.0
30394106.0
30282773.0
30202501.0
30344219.0
30271881.0
30291680.0
30279382.0
30283830.0
30204967.0
30287088.0
30399988.0
30288392.0
30288377.0
30222746.0
30149413.0
30214647.0
30344235.0
30284064.0
30148826.0
30162405.0
30210549.0
30271497.0
30394328.0
30275723.0
30345494.0
30203029.0
30285248.0
30271380.0
30150133.0
30282753.0
30276619.0
30267627.0
30354136.0
30155835.0
30301590.0
30272289.0
30227718.0
30161943.0
30157952.0
30352779.0
30282949.0
30202665.0
30235401.0
30264704.0
30340120.0
30217368.0
30397719.0
30272262.0
30210295.0
30217974.0
30345684.0
30278792.0
30354217.0
30353306.0
30356538.0
30342118.0
30163992.0
30271764.0
30205568.0
30407558.0
30197785.0
30221720.0
30164965.0
30226992.0
30283495.0
30341927.0
30394353.0
30287099.0
30271892.0
30333936.0
30211030.0
30197496.0
30349328.0
30295498.0
30206504.0
30407482.0
30285306.0
30230583.0
30196884.0
30197193.0
30334215.0
30205078.0
30349000.0
30227654.0
30397446.0
30205929.0
30406628.0
30281163.0
30267017.0
30286858.0
30159894.0
30266602.0
30333322.0
30280196.0
30202633.0
30350630.0
30292171.0
30217445.0
30219767.0
30296071.0
30354487.0
30155782.0
30341417.0
30328266.0
30341380.0
30209332.0
30233801.0
30395094.0
30201914.0
30276343.0
30197529.0
30297082.0
30276344.0
30160788.0
30393833.0
30354200.0
30206752.0
30292608.0
30288790.0
30230560.0
30350017.0
30342417.0
30276326.0
30230282.0
30221960.0
30197028.0
30275200.0
30337991.0
30348538.0
30205638.0
30205704.0
30202916.0
30399897.0
30329536.0
30199248.0
30406442.0
30209578.0
30406116.0
30300710.0
30203105.0
30156261.0
30205174.0
30164696.0
30332474.0
30264793.0
30164728.0
30147848.0
30201911.0
30156842.0
30279705.0
30206677.0
30271798.0
30341568.0
30201223.0
30202369.0
30205434.0
30218006.0
30406649.0
30357385.0
30149105.0
30281159.0
30272650.0
30205963.0
30231018.0
30279156.0
30197457.0
30229528.0
30338176.0
30271444.0
30164964.0
30165029.0
30334154.0
30270976.0
30198423.0
30333056.0
30161450.0
30201748.0
30354218.0
30157104.0
30394057.0
30218705.0
30202391.0
30341921.0
30341671.0
30394097.0
30290964.0
30200964.0
30333962.0
30148586.0
30267125.0
30198328.0
30402585.0
30346629.0
30350566.0
30398981.0
30231432.0
30403562.0
30407184.0
30395649.0
30407168.0
30341856.0
30205489.0
30408185.0
30407456.0
30271383.0
30296635.0
30225461.0
30209985.0
30297111.0
30287910.0
30354480.0
30348747.0
30154025.0
30284251.0
30342537.0
30234070.0
30292278.0
30147620.0
30275784.0
30206182.0
30336057.0
30202856.0
30357253.0
30403563.0
30166282.0
30394913.0
30219402.0
30346201.0
30297495.0
30196960.0
30349303.0
30197464.0
30209290.0
30283754.0
30201322.0
30197392.0
30149530.0
30206006.0
30280416.0
30291449.0
30202168.0
30267668.0
30218033.0
30148854.0
30210839.0
30207425.0
30266641.0
30349352.0
30197382.0
30394753.0
30153176.0
30205846.0
30402792.0
30160907.0
30165526.0
30197636.0
30394923.0
30210971.0
30288891.0
30402054.0
30357496.0
30288326.0
30285108.0
30395031.0
30147802.0
30270762.0
30164779.0
30397927.0
30301321.0
30160373.0
30272260.0
30209830.0
30267096.0
30406346.0
30398230.0
30162304.0
30162122.0
30225652.0
30337802.0
30271284.0
30403536.0
30160064.0
30203360.0
30266859.0
30225641.0
30148901.0
30398170.0
30232058.0
30394585.0
30267441.0
30267081.0
30202377.0
30217497.0
30327942.0
30199195.0
30357142.0
30284689.0
30157092.0
30275216.0
30345717.0
30357498.0
30201633.0
30332881.0
30165716.0
30201866.0
30356954.0
30272821.0
30272395.0
30205952.0
30357481.0
30227513.0
30399734.0
30342279.0
30349579.0
30166011.0
30284057.0
30205845.0
30202102.0
30272198.0
30205681.0
30205321.0
30205158.0
30336761.0
30201744.0
30234136.0
30211047.0
30214651.0
30399736.0
30197016.0
30225640.0
30147616.0
30267177.0
30356790.0
30272503.0
30268353.0
30279672.0
30293300.0
30402971.0
30406151.0
30234625.0
30407307.0
30276505.0
30203273.0
30292762.0
30398091.0
30346297.0
30292441.0
30230922.0
30201146.0
30352577.0
30357456.0
30207233.0
30205847.0
30201848.0
30356683.0
30203189.0
30165508.0
30201096.0
30403209.0
30201120.0
30230059.0
30197445.0
30203142.0
30271252.0
30266881.0
30356793.0
30158305.0
30342432.0
30291686.0
30337672.0
30334107.0
30218980.0
30296119.0
30202312.0
30354181.0
30399739.0
30288320.0
30198776.0
30268696.0
30341862.0
30225558.0
30164721.0
30218502.0
30272919.0
30403206.0
30201306.0
30394629.0
30222999.0
30300423.0
30268897.0
30221865.0
30295512.0
30157211.0
30201243.0
30272148.0
30205732.0
30284437.0
30223001.0
30342649.0
30235673.0
30328791.0
30149129.0
30160016.0
30197505.0
30222470.0
30270496.0
30230919.0
30406097.0
30398080.0
30353112.0
30287304.0
30267367.0
30203072.0
30157033.0
30217995.0
30332953.0
30342090.0
30222377.0
30407962.0
30407066.0
30286891.0
30280918.0
30394392.0
30402545.0
30352936.0
30270980.0
30198416.0
30344240.0
30214118.0
30350104.0
30393401.0
30341157.0
30272135.0
30272571.0
30202934.0
30341065.0
30218794.0
30354470.0
30332407.0
30346485.0
30350294.0
30229701.0
30292868.0
30206197.0
30299338.0
30299944.0
30397632.0
30275480.0
30201494.0
30301433.0
30198838.0
30278965.0
30271641.0
30202505.0
30197488.0
12458.0
30271241.0
30210753.0
30162329.0
30289098.0
30337781.0
30394121.0
30336920.0
30271466.0
30201540.0
30354392.0
30197514.0
30354176.0
30234265.0
30267863.0
30394759.0
30221611.0
30158213.0
30227446.0
30393605.0
30292694.0
30357029.0
30266564.0
30345351.0
30329062.0
30291668.0
30344905.0
30354649.0
30160346.0
30205399.0
30280854.0
30407472.0
30266576.0
30205915.0
30338025.0
30158020.0
30280423.0
30199169.0
30223584.0
30270596.0
30395706.0
30271624.0
30393818.0
30341638.0
30357258.0
30354406.0
30354074.0
30403833.0
30344676.0
30210073.0
30271509.0
30345735.0
30354939.0
30282985.0
30399883.0
30338330.0
30288593.0
30283144.0
30357145.0
30334203.0
30232042.0
30210330.0
30264784.0
30333927.0
30153739.0
30152469.0
30160839.0
30395689.0
30407146.0
30349079.0
30202932.0
30278661.0
30353703.0
30299175.0
30267377.0
30348672.0
30227088.0
30393345.0
30342137.0
30406183.0
30164123.0
30295697.0
30201370.0
30225893.0
30211223.0
30402363.0
30284569.0
30147800.0
30344726.0
30348698.0
30203034.0
30280746.0
30268420.0
30349286.0
30161536.0
30353464.0
30266932.0
30219717.0
30283270.0
30340310.0
30218650.0
30156053.0
30403019.0
30166288.0
30301383.0
30398603.0
30201752.0
30291690.0
30406199.0
30395861.0
30288874.0
30344228.0
30350537.0
30230165.0
30156170.0
30202775.0
30353818.0
30230164.0
30283556.0
30295844.0
30206951.0
30160113.0
30270967.0
30209784.0
30344244.0
30156325.0
30165658.0
30403320.0
30205157.0
30345767.0
30270777.0
30395425.0
30329897.0
30218453.0
30329606.0
30231333.0
30341009.0
30226884.0
30271498.0
30399623.0
30275880.0
30408166.0
30160068.0
30293258.0
30350036.0
30292949.0
30345456.0
30222987.0
30207273.0
30207447.0
30406417.0
30349271.0
30271273.0
30292795.0
30397478.0
30205990.0
30348746.0
30148849.0
30271510.0
30272007.0
30209818.0
30156184.0
30295818.0
30295447.0
30198740.0
30345696.0
30394113.0
30156795.0
30155926.0
30215140.0
30222982.0
30289088.0
30196891.0
30401940.0
30398602.0
30407481.0
30348439.0
30328608.0
30271386.0
30394409.0
30393361.0
30201393.0
30288832.0
30205925.0
30346196.0
30158133.0
30198152.0
30218452.0
30236038.0
30205657.0
30217477.0
30156952.0
30166304.0
30340656.0
30201606.0
30356501.0
30229958.0
30213690.0
30300049.0
30205739.0
30161444.0
30280170.0
30279201.0
30157511.0
30205928.0
30202068.0
30159881.0
30406112.0
30397585.0
30162058.0
30345433.0
30354711.0
30292933.0
30207448.0
30349545.0
30336743.0
30300391.0
30296326.0
30272391.0
30230315.0
30284073.0
30275280.0
30350135.0
30401777.0
30354048.0
30153767.0
30268679.0
30214608.0
30211338.0
30227866.0
30197399.0
30333207.0
30342150.0
30350560.0
30198779.0
30346628.0
30268384.0
30341254.0
30218743.0
30199045.0
30271291.0
30345370.0
30395131.0
30403847.0
30341435.0
30340855.0
30403879.0
30206248.0
30336966.0
30329286.0
30206736.0
30300170.0
30344406.0
30280848.0
30272384.0
30356522.0
30341525.0
30285111.0
30356502.0
30280970.0
30301412.0
30202512.0
30300629.0
30288277.0
30402550.0
30219232.0
30203268.0
30152233.0
30406384.0
30297241.0
30402966.0
30348788.0
30345009.0
30406633.0
30407931.0
30209544.0
30287381.0
30338042.0
30203336.0
30353927.0
30283543.0
30356490.0
30349515.0
30284694.0
30161559.0
